15
0 0 0 0 0 0 0 0 0 0 0 0 0 0 0
0 2 0 2 0 2 0 2 0 2 0 2 0 2 0
0 2 0 2 0 2 0 2 0 2 0 2 0 2 0
0 2 0 2 0 2 0 2 0 2 0 2 0 2 0
0 0 0 0 0 0 0 0 0 0 0 0 0 0 0
0 0 0 0 0 0 0 0 0 0 0 0 0 0 0
0 2 0 2 0 2 0 2 0 2 0 2 0 2 0
0 2 0 2 0 2 0 2 0 2 0 2 0 2 0
0 2 0 2 0 2 0 2 0 2 0 2 0 2 0
0 0 0 0 0 0 0 0 0 0 0 0 0 0 0
0 0 0 0 0 0 0 0 0 0 0 0 0 0 0
0 2 0 2 0 2 0 2 0 2 0 2 0 2 0
0 2 0 2 0 2 0 2 0 2 0 2 0 2 0
0 2 0 2 0 2 0 2 0 2 0 2 0 2 0
0 0 0 0 0 0 0 0 0 0 0 0 0 0 1
60
2 57 59 3 53 33 44 8 13 28 40 27 29 39 26 15 23 20 21 58 55
30 28 34 43 25 50 3 46 26 48 51 11 24 12 52 6
7 35 42 9 52 46 36 33 29 44 39 38 51 4 47 19 37 54 56 10 28 45 59 14 25 40 32 12 53 17 24
31 24 36 29 9 7 42 14 33 37 44 10 21 1 18 48 53 54 13 41 8 4 23 16 28 50
7 50 9 60 35 22 2 39 5 32 29
7 52 1 49 35 24 27 45 46 22 54 59 36 56 15 26 60 14 38 44 13 51 55 29 50 30 47 57 33 9 16