15
0 0 0 0 0 0 0 0 0 0 0 0 0 0 0
0 0 0 0 0 0 0 0 0 0 0 0 0 0 0
0 2 0 2 0 2 0 2 0 2 0 2 0 2 0
0 2 0 2 0 2 0 2 0 2 0 2 0 2 0
0 2 0 2 0 2 0 2 0 2 0 2 0 2 0
0 0 0 0 0 0 0 0 0 0 0 0 0 0 0
0 2 0 2 0 2 0 2 0 2 0 2 0 2 0
0 2 0 2 0 2 0 2 0 2 0 2 0 2 0
0 2 0 2 0 2 0 2 0 2 0 2 0 2 0
0 0 0 0 0 0 0 0 0 0 0 0 0 0 0
0 2 0 2 0 2 0 2 0 2 0 2 0 2 0
0 2 0 2 0 2 0 2 0 2 0 2 0 2 0
0 2 0 2 0 2 0 2 0 2 0 2 0 2 0
0 0 0 0 0 0 0 0 0 0 0 0 0 0 0
0 0 0 0 0 0 1 0 0 0 0 0 0 0 0
60
54 33 4 46 6 43 8 31 55 12 57 44 18 16 45 14 25 29 30 13 3 28 49 21 15 17 5 51 2 26 52 58 50 24 40 60 36 22 23 41 39 56 48 59 9 27 32 35 47 20 53 42 11 7 19 10 37 1 34 38