20
0 0 0 0 0 0 0 0 0 0 0 0 0 0 0 0 0 0 0 0
0 2 0 2 0 2 0 2 0 0 2 0 2 0 2 0 2 0 2 0
0 2 0 2 0 2 0 2 0 0 2 0 2 0 2 0 2 0 2 0
0 2 0 2 0 2 0 2 0 0 2 0 2 0 2 0 2 0 2 0
0 2 0 2 0 2 0 2 0 0 2 0 2 0 2 0 2 0 2 0
0 2 0 2 0 2 0 2 0 0 2 0 2 0 2 0 2 0 2 0
0 2 0 2 0 2 0 2 0 0 2 0 2 0 2 0 2 0 2 0
0 2 0 2 0 2 0 2 0 0 2 0 2 0 2 0 2 0 2 0
0 2 0 2 0 2 0 2 0 0 2 0 2 0 2 0 2 0 2 0
0 0 0 0 0 0 0 0 0 0 0 0 0 0 0 0 0 0 0 0
0 0 0 0 0 0 0 0 0 0 0 0 0 0 0 0 0 0 0 0
0 2 0 2 0 2 0 2 0 0 2 0 2 0 2 0 2 0 2 0
0 2 0 2 0 2 0 2 0 0 2 0 2 0 2 0 2 0 2 0
0 2 0 2 0 2 0 2 0 0 2 0 2 0 2 0 2 0 2 0
0 2 0 2 0 2 0 2 0 0 2 0 2 0 2 0 2 0 2 0
0 2 0 2 0 2 0 2 0 0 2 0 2 0 2 0 2 0 2 0
0 2 0 2 0 2 0 2 0 0 2 0 2 0 2 0 2 0 2 0
0 2 0 2 0 2 0 2 0 0 2 0 2 0 2 0 2 0 2 0
0 2 0 2 0 2 0 2 0 0 2 0 2 0 2 0 2 0 2 0 
0 0 0 0 0 0 0 0 0 1 0 0 0 0 0 0 0 0 0 0
100
71 86 22 51 8 59 2 96 28 42 66 62 38 91 54 80 44 61 17 57 1 46 100 84 98 93 78 35 6 70 32 81 74 53 33 94 15 40 72 77 18 25 50 99 19 39 11 27 9 12 36 30 13 56 34 21 41 85 31 92 29 26 88 52 73 20 75 82 45 58 89 60 83 79 4 49 76 43 47 55 16 7 64 48 97 65 10 95 37 23 67 68 87 14 63 3 5 24 69 90