12
0 0 0 0 0 0 0 0 0 0 0 0 
0 2 0 2 0 2 0 2 0 2 0 0 
0 2 0 2 0 2 0 2 0 2 0 0 
0 2 0 2 0 2 0 2 0 2 0 0 
0 2 0 2 0 2 0 2 0 2 0 0 
0 0 0 0 0 0 0 0 0 0 0 0 
0 0 0 0 0 0 0 0 0 0 0 0 
0 2 0 2 0 2 0 2 0 2 0 0 
0 2 0 2 0 2 0 2 0 2 0 0 
0 2 0 2 0 2 0 2 0 2 0 0 
0 2 0 2 0 2 0 2 0 2 0 0 
0 0 0 0 0 0 1 0 0 0 0 0 
30
10 3 5 7 21 22 23 27 25 26 30 19 10 2 4 15 29 9 12 14 18 24 11 13 28 16
12 14 18 24 11 13 17 27 25 26 30 19 10 2 4 15 29 9
15 14 20 17 9 1 4 16 21 25 30 7 6
3 5 7 1 6 8 20 10 2 4 18 24 11 13 28 16 15 29 9 12 14
14 17 15 20 23 4 9 16 19 8