20
0 0 0 0 0 0 0 0 0 0 0 0 0 0 0 0 0 0 0 0
0 2 0 2 0 2 0 2 0 0 2 0 2 0 2 0 2 0 2 0
0 2 0 2 0 2 0 2 0 0 2 0 2 0 2 0 2 0 2 0
0 2 0 2 0 2 0 2 0 0 2 0 2 0 2 0 2 0 2 0
0 2 0 2 0 2 0 2 0 0 2 0 2 0 2 0 2 0 2 0
0 2 0 2 0 2 0 2 0 0 2 0 2 0 2 0 2 0 2 0
0 2 0 2 0 2 0 2 0 0 2 0 2 0 2 0 2 0 2 0
0 2 0 2 0 2 0 2 0 0 2 0 2 0 2 0 2 0 2 0
0 2 0 2 0 2 0 2 0 0 2 0 2 0 2 0 2 0 2 0
0 0 0 0 0 0 0 0 0 0 0 0 0 0 0 0 0 0 0 0
0 0 0 0 0 0 0 0 0 0 0 0 0 0 0 0 0 0 0 0
0 2 0 2 0 2 0 2 0 0 2 0 2 0 2 0 2 0 2 0
0 2 0 2 0 2 0 2 0 0 2 0 2 0 2 0 2 0 2 0
0 2 0 2 0 2 0 2 0 0 2 0 2 0 2 0 2 0 2 0
0 2 0 2 0 2 0 2 0 0 2 0 2 0 2 0 2 0 2 0
0 2 0 2 0 2 0 2 0 0 2 0 2 0 2 0 2 0 2 0
0 2 0 2 0 2 0 2 0 0 2 0 2 0 2 0 2 0 2 0
0 2 0 2 0 2 0 2 0 0 2 0 2 0 2 0 2 0 2 0
0 2 0 2 0 2 0 2 0 0 2 0 2 0 2 0 2 0 2 0 
0 0 0 0 0 0 0 0 0 1 0 0 0 0 0 0 0 0 0 0
100
49 36 8 81 63 17 41 39 35 19 43 69 66 86 79 32 72 44 92 15 10 20 89 93 42 80 74 98 59 13 65 82 53 31 75 18
15 47 17 27 22 23 43 59 31 6 44 57 55 33 36 50 53 58 42 26 34 37 13 10 56 51
68 74 63 36 73 8 14 70 34 65 4 16 53 100 85 48 18 39 76 72 51 64 59 86 35 58 20 55 43 62 7 54 61 67 80 84 75 24 50 92 32
67 11 38 90 56 43 65 6 20 7 9 87 76 23 77 96 17 27 41 8 98 86 1 40 71 42 45 99 88 18 47 97 50 70 73 82 74 78 34 44 33 91 72 63 4 64
33 44 34 93 100 66 78 59 68 50 13 51 37 70 22 7 2 87 97 76 3
70 12 61 34 39 43 16 35 60 26 81 99 29 98 57 28 49 71 66 1 95 93 40 30 92 23 83 90 42 85 65
44 28 15 38 21 4 39 94 57 76 64 41 82 90 5 36 62 86 77 50 11
59 29 3 16 36 28 70 68 23 5 35
15 69 16 67 88 86 93 31 90 64 8 51 85 71 19 84 17 22 68 37 46 28 2 7 61 42 92 57 81 43 72 5 79 75 53 4 38 97 11 26 80 58 27 50 30 62
100 74 65 52 78 73 26 76 58 99 34 30 25 59 86 93 40 55 49 33 32 54 1 80 16 36 83 24 91 66 8 5 13 17 46 98