20
0 0 0 0 0 0 0 0 0 0 0 0 0 0 0 0 0 0 0 0
0 2 0 2 0 2 0 2 0 0 2 0 2 0 2 0 2 0 2 0
0 2 0 2 0 2 0 2 0 0 2 0 2 0 2 0 2 0 2 0
0 2 0 2 0 2 0 2 0 0 2 0 2 0 2 0 2 0 2 0
0 2 0 2 0 2 0 2 0 0 2 0 2 0 2 0 2 0 2 0
0 2 0 2 0 2 0 2 0 0 2 0 2 0 2 0 2 0 2 0
0 2 0 2 0 2 0 2 0 0 2 0 2 0 2 0 2 0 2 0
0 2 0 2 0 2 0 2 0 0 2 0 2 0 2 0 2 0 2 0
0 2 0 2 0 2 0 2 0 0 2 0 2 0 2 0 2 0 2 0
0 0 0 0 0 0 0 0 0 0 0 0 0 0 0 0 0 0 0 0
0 0 0 0 0 0 0 0 0 0 0 0 0 0 0 0 0 0 0 0
0 2 0 2 0 2 0 2 0 0 2 0 2 0 2 0 2 0 2 0
0 2 0 2 0 2 0 2 0 0 2 0 2 0 2 0 2 0 2 0
0 2 0 2 0 2 0 2 0 0 2 0 2 0 2 0 2 0 2 0
0 2 0 2 0 2 0 2 0 0 2 0 2 0 2 0 2 0 2 0
0 2 0 2 0 2 0 2 0 0 2 0 2 0 2 0 2 0 2 0
0 2 0 2 0 2 0 2 0 0 2 0 2 0 2 0 2 0 2 0
0 2 0 2 0 2 0 2 0 0 2 0 2 0 2 0 2 0 2 0
0 2 0 2 0 2 0 2 0 0 2 0 2 0 2 0 2 0 2 0 
0 0 0 0 0 0 0 0 0 1 0 0 0 0 0 0 0 0 0 0
130
6 72 83 43 112 8 34 7 92 84 119 37 122 91 60 125 126 57 31 127 110 67 68 85 111 39 82 97 26 48 14 77 101 79 66 16 54 17 130 12
113 53 104 30 26 52 64 102 85 2 40 49 107 110 92 29 10 17 15 6 58 123 39 122 65
43 8 9 76 115 6 126 96 22 116 123 94 41 60 70 38 37 83 105 48 14 1 55 27 57 98 49 92 18 88 53 47 91 82 110 106 29 23 109 2
45 34 73 39 32 91 20 81 41 60 130 38 13 29 68 101 47 98 77 84 70 54 46 107 58 109 93 108 80 95 8 33 1 36 110 117 63 121 128 127 66 105 50 49 90
107 85 116 42 112 48 29 114 34 64 52 12 80 84 61 28 60 20 103 115
51 4 35 15 120 97 60 118 71 7 103 12 25 119 86 67 2 74 56 6 49 91 61 113 57 3 124 126 88 108
117 114 85 5 40 34 3 72 111 39 127 51 82 14 68 50 49 22 128 116
118 59 111 57 102 54 78 37 126 40
16 93 75 89 119 60 15 106 35 26 29 77 124 53 24 87 128 90 117 100 97 103 46 114 96 14 40 57 18 125 85 12 34 112 108 47 104 62 22 92 127 129 33 84 51
26 57 33 39 16 60 121 19 107 86 55 78 124 90 73 119 89 11 104 37 32 10 113 54 38 14 122 27 94 47 98 63 115 120 59 69 3 82 41 28 130 80 1 106 44 77 13 85 21 61
101 84 29 40 110 1 7 99 23 47 69 46 19 27 14 71 63 15 85 111